{
  "A": [
    [
      0.6688564864812222,
      0.0369637700270467,
      0.05544391851358137,
      0.048261532561666126,
      0.04420994216950571,
      0.08082782190407385,
      0.02764480407611799,
      0.12772763623162026,
      -0.0056783699996920374,
      0.016819642102066164,
      -0.020251943309193252,
      -0.013682663043503452,
      0.00679875131491019,
      0.025528710093504114
    ],
    [
      0.05363305032332263,
      0.6676463343189262,
      0.034356336797375216,
      0.01674579241310184,
      -0.027053211960210728,
      -0.08913029744925416,
      0.07537633413680053,
      0.014275897374136565,
      0.005149046116109169,
      0.0039108705328715215,
      -0.005608829018172346,
      0.02258182879742137,
      -0.005219463295968276,
      0.00446226692005932
    ],
    [
      0.0039038349634573357,
      -0.03618426476632126,
      0.7440105602576325,
      0.04204833707750704,
      -0.005360751178481041,
      -0.058658829542950264,
      0.008438420415767907,
      0.08941954550291692,
      -0.0159531279426979,
      -0.009480034393203742,
      0.014533076554236569,
      -0.024344052777482923,
      -0.009243801902116974,
      0.016867503119619317
    ],
    [
      0.07716921263268876,
      -0.058151114131096936,
      0.016067722107746853,
      0.7102996577638996,
      -0.03343970907024423,
      -0.11884506238664813,
      -0.0010924139971817857,
      0.011701615486043114,
      0.0023128646552956667,
      0.011240908005912053,
      -0.011041269407425752,
      0.004092486298661075,
      0.021457070194601968,
      0.013062926066424426
    ],
    [
      0.07125210138617444,
      0.10999472041128566,
      0.10502920834607629,
      -0.03892084960267694,
      0.645069337044626,
      -0.0012016630168603553,
      -0.05066912300343546,
      0.08535154059392483,
      -0.0015220693530485305,
      0.006265392173221453,
      -0.005056823218697196,
      0.017108601957351078,
      -0.00902935906280865,
      -0.0018307571611607882
    ],
    [
      0.007294826731576281,
      -0.009269463285772541,
      -0.03655089112479085,
      -0.04777425347897631,
      -0.009491289011463896,
      0.5886914642641817,
      0.06934664076976106,
      -0.09210002890238986,
      -0.012101193934799427,
      -0.006950691815598978,
      0.010736341663489317,
      4.005952393705912e-05,
      0.03276774066745812,
      0.0013978857735290112
    ],
    [
      0.062113256666638826,
      0.052852086859686856,
      -0.0029166254698865237,
      -0.030333376887486187,
      0.09565400507594027,
      0.050306099230599984,
      0.724369829673371,
      0.03490722313420444,
      0.011644833576498344,
      0.0021100497192680107,
      0.014075907897114163,
      -0.011770374781425745,
      -0.0060562127555230235,
      0.0034940252575451597
    ],
    [
      0.11019978841873765,
      0.027376637327389187,
      0.03333175549710098,
      0.003188713459873994,
      0.06783435859530118,
      -0.12191553268493573,
      0.005471136245748084,
      0.6248518048395587,
      0.00422391666484403,
      0.002348659690358193,
      -0.008478549037912338,
      -0.0004983417771820118,
      0.01122741239984176,
      -0.009505145121820012
    ],
    [
      -0.17720300382571116,
      0.12786051020396608,
      -0.22901513204016397,
      -0.48049324707390917,
      -0.19418752890558968,
      0.14891979163210103,
      -0.3859045901239385,
      0.522947932734163,
      0.8583262940583161,
      -0.07921295806801178,
      -0.10706365557283049,
      0.03401298618429614,
      0.06925237011199359,
      0.12561249368026417
    ],
    [
      0.12093592072029277,
      0.22553483017383066,
      -0.2512629822754687,
      -0.08262277547971049,
      0.21921421659003745,
      0.25170047100428833,
      0.3035025265931757,
      0.6315021271913583,
      0.011239541934956809,
      0.759673875409335,
      -0.028726711685023495,
      0.0030360886723733386,
      -0.030943999064175574,
      0.07485786942684852
    ],
    [
      -0.2679865453833674,
      -0.29076459840837365,
      -0.12434937464149229,
      -0.27888125216861204,
      -0.19960208792816447,
      -0.09541638588722039,
      0.0028029354874096533,
      0.1554660917947347,
      -0.0035130384858326202,
      0.06419320602841296,
      0.5165498235962444,
      -0.12745814647286385,
      0.022397045010919416,
      0.18147374526181317
    ],
    [
      0.047411684682355765,
      0.24249183986972975,
      -0.250938158913961,
      0.0799209304529634,
      -0.15660264530957474,
      0.0853992208155892,
      0.11059387365680798,
      -0.40352324650388344,
      -0.01449198827971322,
      0.008576291696701365,
      0.019305173794699322,
      0.7826929467118394,
      0.005337390044826887,
      0.07022800804020894
    ],
    [
      0.7220648729315601,
      -0.33387003194027975,
      0.2389295865471832,
      -0.10080173481645745,
      0.08776006445482007,
      -0.18094818772601087,
      -0.09425751162811995,
      0.23175093140223532,
      -0.0009033732116693351,
      0.0029809029788033514,
      0.0034334896913764067,
      0.054404819725469046,
      0.8121054564006961,
      -0.014156979049317434
    ],
    [
      0.08891016451858917,
      0.2855126711000717,
      -0.0828898947504597,
      -0.6323763161740189,
      0.49864309819003966,
      0.015303594173820158,
      0.25099634086987915,
      -0.004287546128914066,
      0.01644353457223148,
      -0.029976801906933366,
      -0.18136981947670786,
      0.09003089265999413,
      0.09289527067937614,
      0.8158972889733003
    ]
  ],
  "Q": [
    [
      0.0073764154558012,
      -0.0007558619724128777,
      -0.0004422663955561133,
      -0.00033632029952693145,
      -0.00013073443242550195,
      0.00048058714854253877,
      0.0017449742808587948,
      -0.0008386035121775132,
      0.004106409439913749,
      0.002775005626169478,
      -0.0013868846281109583,
      -0.0003354123047295284,
      0.001991725723088429,
      -0.002765509503577926
    ],
    [
      -0.0007558619724128777,
      0.006619678702412642,
      0.0013227310944618972,
      -0.0004923017663532198,
      0.0005017720264853657,
      0.0007720536549757173,
      -0.0005762997958045523,
      -0.0006961461975616272,
      0.006635041065312604,
      -0.0006384641340902701,
      -0.0018980094377109684,
      0.0024607949305819527,
      -0.006027736370665949,
      -5.128235860111356e-05
    ],
    [
      -0.0004422663955561133,
      0.0013227310944618972,
      0.009997935157775037,
      0.00017465548573446652,
      0.0013100415493908215,
      0.0013946162139755725,
      -0.0007695681455137585,
      -0.0010513444808690944,
      -0.0008713965342440003,
      0.00788359868690931,
      0.003932472216945707,
      -0.006324457360222825,
      0.003676267230752161,
      -0.004111328042069011
    ],
    [
      -0.00033632029952693145,
      -0.0004923017663532198,
      0.00017465548573446652,
      0.009357473127284374,
      -9.163463048534083e-05,
      -0.00024260210471802022,
      0.00029735098297003094,
      0.0008755200880719412,
      0.001085155565898973,
      -7.708144856650065e-05,
      -0.0022268951815704163,
      0.0009725078618466871,
      0.009604177716452772,
      -0.004034146950743624
    ],
    [
      -0.00013073443242550195,
      0.0005017720264853657,
      0.0013100415493908215,
      -9.163463048534083e-05,
      0.009771098368673195,
      -9.513299558491596e-05,
      0.0007492137989589233,
      0.0006038217926248914,
      0.005460502524700626,
      0.005780868853564701,
      -0.0056744294480972944,
      -0.006995496054599029,
      -0.0033580929663187637,
      -0.0042059111001596415
    ],
    [
      0.00048058714854253877,
      0.0007720536549757173,
      0.0013946162139755725,
      -0.00024260210471802022,
      -9.513299558491596e-05,
      0.007734226541657319,
      -0.0003037261066668408,
      9.290485692723485e-05,
      0.0009040335110709241,
      0.0001563427304788815,
      0.003026016160035586,
      0.001754150253981571,
      0.00204284473690406,
      -0.0006839496085294814
    ],
    [
      0.0017449742808587948,
      -0.0005762997958045523,
      -0.0007695681455137585,
      0.00029735098297003094,
      0.0007492137989589233,
      -0.0003037261066668408,
      0.008148691968780392,
      0.0003315815120027882,
      -0.002531122889492931,
      0.003058394680143057,
      -0.010535326580748098,
      0.004150198720350746,
      0.001312442991170408,
      0.003927293551141159
    ],
    [
      -0.0008386035121775132,
      -0.0006961461975616272,
      -0.0010513444808690944,
      0.0008755200880719412,
      0.0006038217926248914,
      9.290485692723485e-05,
      0.0003315815120027882,
      0.009132906969536825,
      0.00032842675617517905,
      -0.004869782177487452,
      -0.002107283372794343,
      0.0008682451198480133,
      -0.0037901293645296475,
      0.0003769047202759048
    ],
    [
      0.004106409439913749,
      0.006635041065312604,
      -0.0008713965342440003,
      0.001085155565898973,
      0.005460502524700626,
      0.0009040335110709241,
      -0.002531122889492931,
      0.00032842675617517905,
      0.2540238067864438,
      0.03275699910875298,
      -0.0035336385673502067,
      0.0047955830610981205,
      0.013447244816077506,
      -0.04282111459487519
    ],
    [
      0.002775005626169478,
      -0.0006384641340902701,
      0.00788359868690931,
      -7.708144856650065e-05,
      0.005780868853564701,
      0.0001563427304788815,
      0.003058394680143057,
      -0.004869782177487452,
      0.03275699910875298,
      0.25879856051447536,
      0.006450389851368146,
      -0.010939478484731938,
      0.02365326535830569,
      0.01912416215225422
    ],
    [
      -0.0013868846281109583,
      -0.0018980094377109684,
      0.003932472216945707,
      -0.0022268951815704163,
      -0.0056744294480972944,
      0.003026016160035586,
      -0.010535326580748098,
      -0.002107283372794343,
      -0.0035336385673502067,
      0.006450389851368146,
      0.3182706064959407,
      0.028459937924134097,
      0.06958788205123832,
      0.010601447715789001
    ],
    [
      -0.0003354123047295284,
      0.0024607949305819527,
      -0.006324457360222825,
      0.0009725078618466871,
      -0.006995496054599029,
      0.001754150253981571,
      0.004150198720350746,
      0.0008682451198480133,
      0.0047955830610981205,
      -0.010939478484731938,
      0.028459937924134097,
      0.2483174816018583,
      -0.030788318976692146,
      0.015288294797295513
    ],
    [
      0.001991725723088429,
      -0.006027736370665949,
      0.003676267230752161,
      0.009604177716452772,
      -0.0033580929663187637,
      0.00204284473690406,
      0.001312442991170408,
      -0.0037901293645296475,
      0.013447244816077506,
      0.02365326535830569,
      0.06958788205123832,
      -0.030788318976692146,
      0.3115710959671856,
      0.006321962273713235
    ],
    [
      -0.002765509503577926,
      -5.128235860111356e-05,
      -0.004111328042069011,
      -0.004034146950743624,
      -0.0042059111001596415,
      -0.0006839496085294814,
      0.003927293551141159,
      0.0003769047202759048,
      -0.04282111459487519,
      0.01912416215225422,
      0.010601447715789001,
      0.015288294797295513,
      0.006321962273713235,
      0.21492971286426027
    ]
  ],
  "R": [
    [
      0.001017754107245064,
      0.0,
      0.0,
      0.0,
      0.0,
      0.0,
      0.0,
      0.0,
      0.0,
      0.0,
      0.0,
      0.0,
      0.0,
      0.0
    ],
    [
      0.0,
      0.00043079241913203116,
      0.0,
      0.0,
      0.0,
      0.0,
      0.0,
      0.0,
      0.0,
      0.0,
      0.0,
      0.0,
      0.0,
      0.0
    ],
    [
      0.0,
      0.0,
      0.0005592871692281999,
      0.0,
      0.0,
      0.0,
      0.0,
      0.0,
      0.0,
      0.0,
      0.0,
      0.0,
      0.0,
      0.0
    ],
    [
      0.0,
      0.0,
      0.0,
      0.0007197399899586071,
      0.0,
      0.0,
      0.0,
      0.0,
      0.0,
      0.0,
      0.0,
      0.0,
      0.0,
      0.0
    ],
    [
      0.0,
      0.0,
      0.0,
      0.0,
      0.000491555205683741,
      0.0,
      0.0,
      0.0,
      0.0,
      0.0,
      0.0,
      0.0,
      0.0,
      0.0
    ],
    [
      0.0,
      0.0,
      0.0,
      0.0,
      0.0,
      0.00032717997460198964,
      0.0,
      0.0,
      0.0,
      0.0,
      0.0,
      0.0,
      0.0,
      0.0
    ],
    [
      0.0,
      0.0,
      0.0,
      0.0,
      0.0,
      0.0,
      0.0005170448009183122,
      0.0,
      0.0,
      0.0,
      0.0,
      0.0,
      0.0,
      0.0
    ],
    [
      0.0,
      0.0,
      0.0,
      0.0,
      0.0,
      0.0,
      0.0,
      0.00048027761059255426,
      0.0,
      0.0,
      0.0,
      0.0,
      0.0,
      0.0
    ],
    [
      0.0,
      0.0,
      0.0,
      0.0,
      0.0,
      0.0,
      0.0,
      0.0,
      0.014120324373110353,
      0.0,
      0.0,
      0.0,
      0.0,
      0.0
    ],
    [
      0.0,
      0.0,
      0.0,
      0.0,
      0.0,
      0.0,
      0.0,
      0.0,
      0.0,
      0.017924887888699233,
      0.0,
      0.0,
      0.0,
      0.0
    ],
    [
      0.0,
      0.0,
      0.0,
      0.0,
      0.0,
      0.0,
      0.0,
      0.0,
      0.0,
      0.0,
      0.00622714502728615,
      0.0,
      0.0,
      0.0
    ],
    [
      0.0,
      0.0,
      0.0,
      0.0,
      0.0,
      0.0,
      0.0,
      0.0,
      0.0,
      0.0,
      0.0,
      0.012423744298749382,
      0.0,
      0.0
    ],
    [
      0.0,
      0.0,
      0.0,
      0.0,
      0.0,
      0.0,
      0.0,
      0.0,
      0.0,
      0.0,
      0.0,
      0.0,
      0.022253318861123365,
      0.0
    ],
    [
      0.0,
      0.0,
      0.0,
      0.0,
      0.0,
      0.0,
      0.0,
      0.0,
      0.0,
      0.0,
      0.0,
      0.0,
      0.0,
      0.016857595381842425
    ]
  ],
  "mu": [
    0.5373588987178128,
    0.7362828427763868,
    0.43201908385805404,
    0.49452074522964345,
    0.3414583868562439,
    0.3301580926708569,
    0.23953585048316056,
    0.3755374372940127,
    3.5351912186488716,
    3.0337782199499506,
    2.8042352321778385,
    2.628998886535184,
    4.033819953807201,
    4.780658146110077
  ],
  "labels": [
    "P01",
    "P02",
    "P03",
    "P04",
    "P05",
    "P06",
    "P07",
    "P08",
    "C01",
    "C02",
    "C03",
    "C04",
    "C05",
    "C06"
  ]
}