{
  "A": [
    [
      0.6532738167697607,
      -0.025551677602629722,
      0.04810802877155147,
      0.004854556959762501,
      0.06437923717542347,
      -0.02621434317736431,
      -0.027274014399687244,
      0.03587458437169577,
      0.0009286990506083542,
      -0.012774040864182767,
      -0.004961297421050971,
      -0.010892291202963473,
      -0.02883220138662081,
      0.019806499187751812
    ],
    [
      0.05372778610056583,
      0.5907313284322582,
      0.01396419756231924,
      0.05901146714117585,
      -0.05775566777430119,
      0.09196801689603187,
      0.06021790541515234,
      0.26491139439754,
      -0.0018161381826728323,
      0.0048896103042663334,
      0.012267104540245563,
      -0.011885026580042717,
      -0.008072887472274316,
      -0.0023466955601315603
    ],
    [
      0.02647468029789035,
      -0.032822627355652945,
      0.7642346507550792,
      0.06357638575708631,
      -0.05258436148458715,
      0.028917072241110377,
      -0.044920019793348726,
      0.052605803985252206,
      0.007992188467214997,
      0.004556365231446402,
      -0.0008092648652742222,
      0.00464325712907954,
      -0.007161551918007514,
      -0.010509716457721665
    ],
    [
      -0.02907627177579688,
      0.054870064014435095,
      -0.013870530811422314,
      0.6397623555829259,
      0.019281472498206186,
      0.04430045291625514,
      -0.00746970511122959,
      0.041282444808210646,
      -0.0010924938792014737,
      -0.03500790834269277,
      -0.004425829645500449,
      -0.031844901640400144,
      -0.010089253305640936,
      0.04037082614420192
    ],
    [
      0.04063763703370165,
      -0.017177606701890773,
      -0.011631827326581287,
      0.020474110926773637,
      0.7222586177482215,
      0.12785034985084012,
      -0.009956783904659438,
      0.03463561853296681,
      -5.823130752350805e-05,
      -0.0031577218723118678,
      0.008245098489215704,
      -0.00851918449009884,
      0.0005131861003235452,
      0.010267398237187232
    ],
    [
      -0.007141400446845951,
      0.11162470027106758,
      -0.056216152579890086,
      -0.023786399004986216,
      0.06241778868268121,
      0.6119194242575433,
      -0.018906954673683075,
      -0.018272970913338994,
      -0.003588169367319329,
      -0.01488194223861619,
      0.0037527453297090873,
      -0.007859269272468756,
      -0.03002967536667582,
      -0.0018646031267822646
    ],
    [
      -0.07725490004993138,
      -0.003504473589873366,
      0.0555405689392632,
      0.017556122704990348,
      -0.01253916847450083,
      -0.08602343493146654,
      0.634962891385178,
      -0.03533651070667901,
      0.009322953038863194,
      0.004443113059828609,
      0.010687408172178175,
      -0.011359227872015727,
      -0.01468672731346212,
      -0.022493520299360515
    ],
    [
      -0.06568079971561025,
      0.10863335057450159,
      0.11292904891823784,
      0.007095867264616757,
      0.07434167781559657,
      0.015758818436678184,
      -0.052801517326645044,
      0.42664649201782956,
      -0.003959774714813788,
      0.003843682886002398,
      0.020503446902009333,
      -0.008206076552674371,
      -0.007723328896690015,
      0.0002764440877508015
    ],
    [
      -0.3257849600234435,
      -0.14704180736363526,
      -0.35161283998360193,
      0.325270245340337,
      0.019237522159433137,
      -0.20357408243612418,
      0.27142589246391496,
      -0.23721363162021275,
      0.8141404703286218,
      0.15213137959063314,
      0.11989256457886763,
      0.020350720682556646,
      -0.06816526574247667,
      -0.08563672550404182
    ],
    [
      -0.23633106974398488,
      -0.07368506387946482,
      0.3789398219089958,
      -0.2827157249645307,
      -0.28547037279268966,
      0.2933871523578388,
      0.6150711547271159,
      -0.2660446337206771,
      -0.021916663131348726,
      0.6884830746820266,
      -0.0029943125413478214,
      0.049403893404438,
      -0.0467987485209518,
      0.18324085362550738
    ],
    [
      0.03828078113218248,
      -0.34795491569717923,
      0.33970099797997416,
      -0.06630281719534287,
      -0.06013344125963433,
      0.42521206952902263,
      0.12707997523377132,
      0.1938215069233827,
      -0.030679443867879585,
      -0.07805620591616853,
      0.8771374886130584,
      0.020141584854145075,
      -0.002894381183205262,
      0.15427448236134894
    ],
    [
      0.26653175850936744,
      -0.5088059364820621,
      -0.1260502410411442,
      0.13383217683622511,
      -0.6034561707764159,
      0.4510462334669166,
      -0.004572073520989728,
      -0.16653856250661703,
      -0.01495437713513531,
      0.05633232494713664,
      0.04703003164936279,
      0.7836162483978332,
      -0.02865274007452129,
      0.061138327127173035
    ],
    [
      -0.42249870755910646,
      -0.3293568174296638,
      0.10209010340604234,
      0.12851260552162272,
      -0.1315495545510615,
      0.417748205392768,
      -0.12210633201826829,
      -0.1844125562416238,
      0.009595329997214078,
      -0.014126072151054816,
      0.028216666174727636,
      0.033418781514967986,
      0.8955590272087608,
      0.013805863327204708
    ],
    [
      -0.42745398509388,
      0.2270082516282105,
      0.06975318812807242,
      0.24921498049958468,
      -0.20580848950223493,
      0.20180188956344308,
      -0.13276173931998883,
      -0.09933881367508486,
      -0.09626620454373445,
      0.09062512854862743,
      0.0639046945021121,
      0.11069724796733497,
      -0.01090579993132042,
      0.8219308148930908
    ]
  ],
  "Q": [
    [
      0.01149188749739638,
      -0.0001076088741756776,
      0.0004969267928010106,
      -0.0010587282433435598,
      -0.001068898968679205,
      0.0001595963340891384,
      -0.0014616577038661072,
      -0.0010601303314706277,
      -0.0073825042862235716,
      -0.0038898060728810926,
      -0.006685673320856498,
      0.003912816040851053,
      -0.00198724072187933,
      6.402022328869947e-06
    ],
    [
      -0.0001076088741756776,
      0.009345991515677148,
      0.0002811995149456099,
      0.0010819171582190888,
      0.00033622148189987097,
      0.0009020288541569011,
      0.0009297393639951795,
      0.000498547923276097,
      0.014093166485782098,
      -0.006253564867919297,
      -0.0018253961368748669,
      -0.0023122368700105797,
      0.006749885035062908,
      0.012708268014426087
    ],
    [
      0.0004969267928010106,
      0.0002811995149456099,
      0.007841987566447326,
      0.0013092181865186757,
      0.0004221773077952007,
      -0.0011016188157472484,
      0.001181585786350496,
      0.0018070836320712876,
      0.002772564771728158,
      -0.0026639005164110917,
      -0.0023567605116098316,
      0.0010846978394735108,
      -0.00275022624080438,
      -0.004611474259501652
    ],
    [
      -0.0010587282433435598,
      0.0010819171582190888,
      0.0013092181865186757,
      0.014488182851755491,
      4.5941881098396324e-05,
      -0.0010473604154179496,
      2.735300811522472e-05,
      -0.001006744555277967,
      0.008328527084965662,
      -0.002822664790443749,
      -0.007125445195348931,
      0.006723823319145234,
      -0.000681712074976161,
      0.002045326948034716
    ],
    [
      -0.001068898968679205,
      0.00033622148189987097,
      0.0004221773077952007,
      4.5941881098396324e-05,
      0.01178456108850907,
      0.0014951215177763963,
      -0.0011659097245490314,
      0.0022676293577016046,
      -0.0029959817495394244,
      -0.01200999324701662,
      0.01104720867040912,
      0.0008199041036184336,
      0.012081880026169564,
      -0.0030229473853096403
    ],
    [
      0.0001595963340891384,
      0.0009020288541569011,
      -0.0011016188157472484,
      -0.0010473604154179496,
      0.0014951215177763963,
      0.009585043558182708,
      0.00035006073306369473,
      -0.0010694364782152168,
      0.0033763892793261248,
      -0.005207334275835219,
      0.010137752542429197,
      0.0041100385489881925,
      0.0031888427562085215,
      0.005204827552272318
    ],
    [
      -0.0014616577038661072,
      0.0009297393639951795,
      0.001181585786350496,
      2.735300811522472e-05,
      -0.0011659097245490314,
      0.00035006073306369473,
      0.008634397126165183,
      -0.0010769418441592881,
      0.0038349704794201607,
      0.0018004543549694455,
      -0.004094415958525489,
      0.0024310309225848907,
      0.00019730875440102352,
      0.0022299633320004967
    ],
    [
      -0.0010601303314706277,
      0.000498547923276097,
      0.0018070836320712876,
      -0.001006744555277967,
      0.0022676293577016046,
      -0.0010694364782152168,
      -0.0010769418441592881,
      0.00836141485441938,
      -0.013331979331797023,
      -0.004891952056459111,
      0.0024772533871998473,
      0.001903030060267971,
      0.008416074959155171,
      -0.0053121314008411965
    ],
    [
      -0.0073825042862235716,
      0.014093166485782098,
      0.002772564771728158,
      0.008328527084965662,
      -0.0029959817495394244,
      0.0033763892793261248,
      0.0038349704794201607,
      -0.013331979331797023,
      0.3677433909138772,
      0.06718741115569196,
      0.05504108666164424,
      0.07550099518708468,
      -0.050920626850387875,
      0.09069528863901749
    ],
    [
      -0.0038898060728810926,
      -0.006253564867919297,
      -0.0026639005164110917,
      -0.002822664790443749,
      -0.01200999324701662,
      -0.005207334275835219,
      0.0018004543549694455,
      -0.004891952056459111,
      0.06718741115569196,
      0.3211024560230227,
      -0.0399294962670056,
      0.01597988758349133,
      0.012186564206944243,
      0.05828578381761395
    ],
    [
      -0.006685673320856498,
      -0.0018253961368748669,
      -0.0023567605116098316,
      -0.007125445195348931,
      0.01104720867040912,
      0.010137752542429197,
      -0.004094415958525489,
      0.0024772533871998473,
      0.05504108666164424,
      -0.0399294962670056,
      0.2741321523603111,
      -0.0071963187627332725,
      0.020284877628842148,
      0.026978812925146946
    ],
    [
      0.003912816040851053,
      -0.0023122368700105797,
      0.0010846978394735108,
      0.006723823319145234,
      0.0008199041036184336,
      0.0041100385489881925,
      0.0024310309225848907,
      0.001903030060267971,
      0.07550099518708468,
      0.01597988758349133,
      -0.0071963187627332725,
      0.3981828289693867,
      -0.021916720372745828,
      0.1015672292410411
    ],
    [
      -0.00198724072187933,
      0.006749885035062908,
      -0.00275022624080438,
      -0.000681712074976161,
      0.012081880026169564,
      0.0031888427562085215,
      0.00019730875440102352,
      0.008416074959155171,
      -0.050920626850387875,
      0.012186564206944243,
      0.020284877628842148,
      -0.021916720372745828,
      0.18990885895966753,
      0.028326165200472878
    ],
    [
      6.402022328869947e-06,
      0.012708268014426087,
      -0.004611474259501652,
      0.002045326948034716,
      -0.0030229473853096403,
      0.005204827552272318,
      0.0022299633320004967,
      -0.0053121314008411965,
      0.09069528863901749,
      0.05828578381761395,
      0.026978812925146946,
      0.1015672292410411,
      0.028326165200472878,
      0.3585708658907401
    ]
  ],
  "R": [
    [
      0.0004899760878257873,
      0.0,
      0.0,
      0.0,
      0.0,
      0.0,
      0.0,
      0.0,
      0.0,
      0.0,
      0.0,
      0.0,
      0.0,
      0.0
    ],
    [
      0.0,
      0.0006223943057140595,
      0.0,
      0.0,
      0.0,
      0.0,
      0.0,
      0.0,
      0.0,
      0.0,
      0.0,
      0.0,
      0.0,
      0.0
    ],
    [
      0.0,
      0.0,
      0.0004594060840412017,
      0.0,
      0.0,
      0.0,
      0.0,
      0.0,
      0.0,
      0.0,
      0.0,
      0.0,
      0.0,
      0.0
    ],
    [
      0.0,
      0.0,
      0.0,
      0.0007158498714747229,
      0.0,
      0.0,
      0.0,
      0.0,
      0.0,
      0.0,
      0.0,
      0.0,
      0.0,
      0.0
    ],
    [
      0.0,
      0.0,
      0.0,
      0.0,
      0.0007066657151739171,
      0.0,
      0.0,
      0.0,
      0.0,
      0.0,
      0.0,
      0.0,
      0.0,
      0.0
    ],
    [
      0.0,
      0.0,
      0.0,
      0.0,
      0.0,
      0.0005311413758181617,
      0.0,
      0.0,
      0.0,
      0.0,
      0.0,
      0.0,
      0.0,
      0.0
    ],
    [
      0.0,
      0.0,
      0.0,
      0.0,
      0.0,
      0.0,
      0.00041153199091251277,
      0.0,
      0.0,
      0.0,
      0.0,
      0.0,
      0.0,
      0.0
    ],
    [
      0.0,
      0.0,
      0.0,
      0.0,
      0.0,
      0.0,
      0.0,
      0.0003008977073077255,
      0.0,
      0.0,
      0.0,
      0.0,
      0.0,
      0.0
    ],
    [
      0.0,
      0.0,
      0.0,
      0.0,
      0.0,
      0.0,
      0.0,
      0.0,
      0.02389535166326346,
      0.0,
      0.0,
      0.0,
      0.0,
      0.0
    ],
    [
      0.0,
      0.0,
      0.0,
      0.0,
      0.0,
      0.0,
      0.0,
      0.0,
      0.0,
      0.01792971467504932,
      0.0,
      0.0,
      0.0,
      0.0
    ],
    [
      0.0,
      0.0,
      0.0,
      0.0,
      0.0,
      0.0,
      0.0,
      0.0,
      0.0,
      0.0,
      0.029248310797865017,
      0.0,
      0.0,
      0.0
    ],
    [
      0.0,
      0.0,
      0.0,
      0.0,
      0.0,
      0.0,
      0.0,
      0.0,
      0.0,
      0.0,
      0.0,
      0.018763913860521064,
      0.0,
      0.0
    ],
    [
      0.0,
      0.0,
      0.0,
      0.0,
      0.0,
      0.0,
      0.0,
      0.0,
      0.0,
      0.0,
      0.0,
      0.0,
      0.020841954376002086,
      0.0
    ],
    [
      0.0,
      0.0,
      0.0,
      0.0,
      0.0,
      0.0,
      0.0,
      0.0,
      0.0,
      0.0,
      0.0,
      0.0,
      0.0,
      0.030720627061938805
    ]
  ],
  "mu": [
    0.29200492243252163,
    0.4010792719824938,
    0.26166510479512717,
    0.5350491937946732,
    0.43201148781221776,
    0.31565239403157275,
    0.29888027612942986,
    0.21706534303752473,
    4.589669398211217,
    3.8245874350410416,
    3.8138155345986573,
    4.571084928246873,
    4.114354130062304,
    4.115895983197778
  ],
  "labels": [
    "P01",
    "P02",
    "P03",
    "P04",
    "P05",
    "P06",
    "P07",
    "P08",
    "C01",
    "C02",
    "C03",
    "C04",
    "C05",
    "C06"
  ]
}